Results on file
../MASS/kismet-tv_on (indie-rock)/kismet-tv_on_0-24_without_effects.wav

Annotation from dataset:
    Note there are some repeated values
    These happen from multiple drum events at the same time
[ 0.08    0.08    0.08   0.89   0.89 
  0.89    1.69    1.69   1.69   2.49  
  2.49    2.49    3.27   3.27   3.27 
  4.08    4.08    4.08   4.88   4.88 
  4.88    5.66    5.66   5.88   6.29 
  6.48    6.67    6.83   7.03   7.24 
  7.43    7.81    8.01   8.20   8.39 
  8.57    8.76    8.95   9.33   9.53 
  9.72    9.90    10.09  10.28  10.49  
  10.86   11.05   11.24  11.44  11.63 
  11.81   12.02   12.39  12.58  12.77 
  12.94   13.14   13.34  13.54  13.91 
  14.11   14.28   14.49  14.68  14.86 
  15.07   15.44   15.63  15.83  16.02 
  16.18   16.39   16.59  16.77  16.97 
  17.16   17.34   17.40  17.52  17.71 
  17.90   17.90   18.30  18.30  18.69 
  18.69   18.95   19.06  19.24  19.44 
  19.44   19.65   19.86  20.01  20.24 
  20.24   20.48   20.61  20.77  20.97 
  20.97   21.17   21.38  21.54  21.76 
  21.77   22.02   22.14  22.29  22.50 
  22.50   22.70   22.91  23.06  23.27  
  23.27   23.52   23.64  23.83]

librosa.onset.onset_detect:
[   0.09    0.92    1.71    2.50    2.55
    3.32    4.10    4.92    5.71    6.33
    6.50    6.71    6.89    7.08    7.26
    7.47    7.66    7.84    8.03    8.24
    8.42    8.61    8.80    8.84    8.98
    9.19    9.35    9.54    9.77    9.93
   10.12   10.33   10.51   10.70   10.89
   11.07   11.28   11.47   11.65   11.84
   12.05   12.26   12.42   12.60   12.81
   12.97   13.16   13.37   13.56   13.76
   13.93   14.14   14.32   14.51   14.72
   14.90   15.09   15.30   15.46   15.65
   15.85   16.04   16.23   16.41   16.62
   16.81   16.99   17.18   17.36   17.55
   17.74   17.94   18.34   18.55   18.71
   18.99   19.11   19.29   19.48   19.69
   19.89   20.27   20.64   20.82   21.01
   21.22   21.40   21.64   21.78   22.01
   22.05   22.17   22.54   22.75   22.91
   23.31   23.56   23.68   23.87]